NAME	= incerteza
DESCRIPTION	= 
UNIT	= 
DATAFORMAT	= FLOAT
DATAFILE_OFFSET	= 0
BYTEORDER_BIG	= FALSE
TOPTOBOTTOM	= FALSE
POSITION_XMIN	= -90.6642218380000031
POSITION_YMIN	= -36.2177268460000050
CELLCOUNT_X	= 1234
CELLCOUNT_Y	= 583
CELLSIZE	= 0.0830000000000000
Z_FACTOR	= 1.000000
Z_OFFSET	= 0.000000
NODATA_VALUE	= -99999.000000;-99999.000000
