NAME	= incerteza2
DESCRIPTION	= 
UNIT	= 
DATAFORMAT	= FLOAT
DATAFILE_OFFSET	= 0
BYTEORDER_BIG	= FALSE
TOPTOBOTTOM	= FALSE
POSITION_XMIN	= -127.7736616990000016
POSITION_YMIN	= -64.4430770390000021
CELLCOUNT_X	= 2467
CELLCOUNT_Y	= 1165
CELLSIZE	= 0.0830000000000000
Z_FACTOR	= 1.000000
Z_OFFSET	= 0.000000
NODATA_VALUE	= -99999.000000;-99999.000000
