NAME	= incerteza3
DESCRIPTION	= 
UNIT	= 
DATAFORMAT	= FLOAT
DATAFILE_OFFSET	= 0
BYTEORDER_BIG	= FALSE
TOPTOBOTTOM	= FALSE
POSITION_XMIN	= -74.9446666999999991
POSITION_YMIN	= -34.8776667000000060
CELLCOUNT_X	= 542
CELLCOUNT_Y	= 493
CELLSIZE	= 0.0830000000000000
Z_FACTOR	= 1.000000
Z_OFFSET	= 0.000000
NODATA_VALUE	= -99999.000000;-99999.000000
